251
268
280
87
460
28
115
30
859
86
175
46
238
133
103
132
391
690
144
889
400
22
61
414
402
677
264
45
112
100
34
127
158
329
867
423
33
464
98
9
44
419
274
226
642
136
245
26
39
21
82
847
50
72
887
376
466
110
383
142
140
242
12
388
13
3
62
23
233
51
218
385
327
53
19
145
410
387
223
92
854
84
395
857
259
38
220
884
879
24
25
150
417
404
219
421
680
373
381
138
57
403
85
475
851
285
143
164
772
163
52
1
64
424
411
15
116
74
67
124
549
384
109
35
36
462
337
846
235
390
141
872
4
90
406
420
252
47
769
139
374
31
146
282
6
81
416
243
324
409
415
41
10
27
91
405
76
180
11
66
148
471
162
60
877
117
147
79
881
42
37
7
8
468
332
2
478
49
29
689
114
16
465
247
396
32
681
333
477
467
272
17
595
18
78
422
59
380
80
94
377
108
5
43
20
459
14
412
